test file is  ./DSJC500.5.col.txt
begin to make graph
vertex num 500
edge num 62624
init graph data structure finished !
hybrid evolutionary start
initialization over, begin tabu search
iter 10000 conflict 14
iter 20000 conflict 30
iter 30000 conflict 14
iter 40000 conflict 14
iter 50000 conflict 16
the person 0 has conflicts 16

initialization over, begin tabu search
iter 10000 conflict 16
iter 20000 conflict 22
K is 52
the ans is
0 31 30 47 10 47 40 13 24 19 31 
51 34 21 35 39 17 26 29 12 38 
9 21 28 7 20 18 47 13 17 12 
29 23 39 50 23 19 14 45 10 26 
19 22 14 49 10 20 51 27 8 9 
48 48 49 40 17 39 43 12 36 11 
24 32 42 34 29 44 36 42 26 35 
36 37 37 46 10 8 43 46 43 44 
0 27 4 30 51 47 24 33 20 19 
40 3 38 48 8 4 2 5 1 50 
24 15 49 48 9 16 24 2 41 14 
15 8 44 35 51 22 42 21 23 37 
19 3 14 12 25 4 22 42 44 43 
17 46 27 23 5 47 26 5 42 36 
6 50 16 49 40 19 33 32 1 46 
18 2 50 41 21 37 7 31 1 7 
30 32 22 33 35 42 45 15 9 4 
35 17 50 49 40 26 39 9 6 42 
39 5 1 1 21 43 31 26 12 10 
15 41 19 37 7 8 46 41 22 35 
31 9 39 41 34 44 12 22 43 29 
47 16 23 38 27 22 37 35 4 4 
3 23 3 3 14 33 34 33 18 9 
45 34 28 12 3 39 10 48 25 16 
38 16 32 33 0 46 27 14 44 23 
9 29 34 11 49 38 36 5 26 11 
36 38 24 2 43 29 32 14 42 32 
3 14 47 40 44 19 3 48 49 5 
25 46 0 40 16 45 1 38 0 10 
51 41 28 15 11 29 23 19 49 20 
41 47 10 33 49 41 11 45 0 43 
21 44 43 28 35 21 51 46 34 29 
13 13 38 20 6 15 45 28 20 25 
51 4 37 8 1 2 4 20 19 50 
37 18 15 12 26 44 11 6 9 0 
4 14 50 43 48 26 2 1 21 29 
25 28 28 16 34 13 38 0 2 15 
13 8 38 32 44 36 14 39 0 31 
47 13 20 24 26 36 8 3 2 23 
5 4 40 34 21 2 31 33 14 22 
6 43 30 51 32 49 17 41 28 22 
12 27 23 46 12 33 40 7 25 13 
7 4 6 5 33 39 13 35 18 48 
17 42 25 32 39 27 5 7 27 15 
50 38 4 5 33 0 28 30 46 6 
29 1 32 8 34 41 20 17 22 9 
7 11 16 18 51 49 15 39 24 50 
31 45 50 17 24 45 21 10 13 6 
25 11 30 28 30 7 29 37 0 22 
25 30 41 36 18 13 20 48 46 the person 1 has conflicts 0

initialization over, begin tabu search
iter 10000 conflict 28
iter 20000 conflict 10
iter 30000 conflict 26
iter 40000 conflict 8
iter 50000 conflict 10
the person 2 has conflicts 10

initialization over, begin tabu search
iter 10000 conflict 32
iter 20000 conflict 18
iter 30000 conflict 20
iter 40000 conflict 20
iter 50000 conflict 12
the person 3 has conflicts 12

initialization over, begin tabu search
iter 10000 conflict 20
iter 20000 conflict 10
iter 30000 conflict 12
iter 40000 conflict 10
iter 50000 conflict 6
the person 4 has conflicts 6

K is 52
0 38 26 48 38 18 32 36 44 33 37 10 0 18 20 3 35 5 21 34 30 51 37 5 44 49 3 46 25 48 34 46 16 50 11 28 33 7 16 51 7 33 2 40 17 49 29 1 13 4 6 45 16 30 41 35 47 51 36 45 5 24 26 37 45 42 34 45 22 14 20 45 9 6 8 21 29 1 36 41 3 12 31 41 27 49 47 41 41 46 33 41 49 26 19 48 1 9 50 21 2 39 40 5 34 27 42 50 42 24 30 29 40 47 28 35 0 18 36 27 2 33 1 8 27 23 20 49 29 51 6 44 24 39 36 31 35 35 10 15 42 13 14 14 39 41 33 17 8 17 17 6 26 44 15 8 11 11 40 0 20 12 25 45 34 37 24 15 34 30 40 3 35 27 32 51 12 0 4 2 36 6 50 22 4 29 14 11 21 30 30 34 4 14 47 37 25 6 38 2 7 47 0 4 6 25 11 32 41 23 4 12 12 28 43 9 19 0 3 1 20 5 19 8 26 18 26 48 3 28 25 9 48 23 19 19 50 13 22 11 12 43 25 18 28 2 44 23 30 16 18 3 27 38 49 19 43 28 50 32 4 31 26 26 23 10 28 32 29 37 13 31 7 9 42 37 33 18 15 40 2 49 15 45 43 46 3 26 5 13 16 39 24 28 29 30 35 16 33 17 12 11 48 36 13 32 32 15 9 51 14 33 47 51 11 27 22 14 9 29 42 1 46 43 30 2 20 25 30 51 23 1 20 30 41 12 21 18 6 33 46 15 17 40 17 2 0 9 51 39 21 47 7 13 10 34 10 7 35 16 8 48 24 51 0 38 46 35 50 5 6 10 0 43 25 29 16 22 32 12 16 42 10 27 10 21 35 45 47 37 29 19 36 41 31 49 34 10 3 17 8 16 38 48 49 19 39 0 13 46 4 19 43 29 14 19 14 41 22 43 36 39 45 42 22 44 42 18 1 45 31 35 9 49 4 15 18 37 38 23 34 12 43 36 7 42 41 44 10 8 39 21 17 21 11 18 37 48 0 27 1 17 44 8 6 1 39 34 17 22 46 47 1 27 18 12 40 5 23 31 29 36 42 6 40 47 24 15 19 44 50 46 26 27 24 32 5 3 19 11 
Time cost in seconds: 10.6622
