test file is  ./DSJC1000.1.col.txt
begin to make graph
vertex num 1000
edge num 49629
init graph data structure finished !
initialization over, begin tabu search
iter 10000 conflict 12
iter 20000 conflict 6
K is 22
the ans is
0 14 4 3 17 3 21 17 16 4 1 
20 14 14 2 19 15 20 4 12 11 
19 21 5 3 15 17 0 3 17 21 
2 19 4 20 7 0 18 4 13 12 
12 14 7 1 3 8 16 6 4 3 
8 12 21 12 6 7 16 7 0 13 
21 20 13 14 7 7 8 15 8 20 
1 11 10 14 20 15 3 16 13 18 
0 12 5 13 16 19 19 2 14 18 
13 17 19 8 3 16 19 20 16 6 
8 11 15 12 3 16 17 18 11 11 
4 17 5 12 8 10 13 4 3 9 
3 15 1 11 9 3 21 3 11 14 
10 14 0 13 13 17 14 0 0 16 
10 18 6 21 11 6 11 7 19 5 
6 19 15 15 13 18 19 20 5 15 
3 21 7 8 4 17 2 20 12 11 
10 12 20 1 20 6 19 21 5 8 
14 1 17 20 17 18 15 16 4 8 
0 10 2 11 4 19 6 2 4 13 
13 21 10 0 5 9 7 8 14 11 
7 8 2 6 4 20 21 13 16 11 
20 3 9 9 8 15 1 18 7 16 
16 8 21 18 19 2 21 9 18 3 
0 9 3 13 13 21 3 19 11 9 
15 13 21 1 18 12 2 9 13 6 
14 16 12 17 0 17 15 12 20 5 
20 15 20 9 13 10 19 5 2 18 
12 17 21 9 18 4 16 15 0 8 
8 4 5 11 0 12 10 10 2 16 
20 8 18 4 10 4 9 17 17 12 
21 18 21 6 14 10 7 4 15 1 
6 5 2 19 0 13 1 9 3 14 
20 17 6 15 5 7 15 0 10 8 
9 9 18 17 5 12 16 21 18 15 
2 4 19 6 5 2 11 3 16 18 
15 2 15 8 18 7 4 14 6 13 
19 3 11 1 17 6 18 15 0 17 
12 2 14 14 6 2 12 0 17 2 
6 3 2 16 14 1 16 21 16 9 
13 21 19 3 1 18 3 13 3 2 
19 19 14 5 0 18 1 3 0 15 
0 12 0 5 15 2 16 6 12 7 
2 20 10 20 8 13 4 20 5 7 
12 16 9 0 18 1 11 20 7 13 
8 3 15 14 6 20 5 20 16 5 
16 11 4 7 5 8 1 15 13 13 
1 5 5 6 6 20 21 18 17 21 
17 19 12 11 21 14 19 15 8 8 
21 16 8 6 6 18 5 13 21 14 
15 17 16 0 14 11 9 10 2 0 
7 9 5 18 7 3 3 9 15 19 
15 9 10 2 7 4 17 19 0 7 
14 12 14 14 17 4 15 8 19 8 
13 18 14 8 6 20 5 0 13 8 
10 4 21 15 21 1 9 3 0 0 
1 3 4 6 8 17 6 5 11 4 
5 18 1 5 0 10 21 21 10 8 
15 3 1 7 2 15 18 18 12 2 
18 19 10 14 0 21 4 16 10 11 
5 11 13 0 15 7 18 12 8 20 
11 0 1 7 1 14 7 6 11 0 
6 21 6 2 21 1 17 16 3 5 
18 7 5 10 5 11 9 9 18 2 
14 14 8 2 12 3 11 20 4 13 
10 3 4 21 3 7 11 15 16 17 
15 3 13 11 20 17 16 13 10 12 
10 16 2 8 3 1 21 12 5 1 
11 11 7 10 2 14 10 12 16 9 
15 13 2 8 7 19 1 18 17 13 
14 11 16 4 1 6 6 2 15 4 
9 8 9 19 19 15 17 11 1 12 
21 0 17 2 14 5 14 12 8 2 
2 17 9 9 11 10 2 17 9 10 
10 13 13 17 19 0 3 19 14 1 
16 6 1 21 9 5 19 18 10 11 
15 2 18 14 11 4 5 18 0 6 
16 6 13 12 8 19 3 5 14 18 
9 18 17 18 9 10 7 7 4 16 
15 5 4 11 16 14 7 14 2 18 
2 10 2 6 11 5 17 11 21 4 
10 10 18 3 12 15 17 19 10 12 
16 4 14 4 4 18 13 12 14 6 
8 20 12 6 10 3 19 3 20 5 
5 5 0 1 16 11 21 5 21 1 
17 3 20 9 17 7 1 2 0 8 
14 3 0 3 15 11 0 16 1 7 
17 9 18 9 16 20 0 3 6 2 
9 21 10 0 18 10 1 16 17 10 
18 20 0 8 4 5 5 20 16 8 
7 17 20 0 21 8 0 4 4 13 
6 2 10 20 9 13 4 8 4 19 
6 13 1 10 5 6 11 7 5 14 
5 16 6 3 11 1 4 0 18 13 
10 18 17 18 0 14 5 21 20 10 
1 4 20 16 15 10 17 19 7 9 
6 8 13 20 1 15 13 5 11 7 
10 1 3 11 10 6 7 9 1 9 
3 12 9 20 2 4 6 11 13 7 
18 1 8 9 12 5 21 5 17 Time cost in seconds: 0.920005
