test file is  ./DSJC1000.1.col.txt
begin to make graph
vertex num 1000
edge num 49629
init graph data structure finished !
initialization over, begin tabu search
K is 25
the ans is
0 18 6 1 23 20 10 15 21 14 21 
12 9 9 15 18 0 14 20 18 14 
9 10 23 7 10 13 12 4 5 4 
18 17 11 6 1 0 16 9 23 17 
19 8 6 9 9 14 21 18 0 19 
12 5 22 3 6 22 15 12 24 8 
0 0 18 8 12 5 10 4 24 8 
21 2 7 23 20 22 9 24 17 2 
12 8 1 15 13 4 4 16 8 20 
8 10 1 12 14 12 24 12 3 22 
20 20 1 18 4 24 22 1 5 20 
1 20 21 5 15 16 2 20 19 19 
11 9 11 10 17 8 0 8 17 7 
18 24 23 16 7 22 22 6 13 15 
6 16 9 1 16 19 21 10 23 17 
15 0 16 14 24 23 1 1 21 2 
18 13 12 3 16 15 4 6 9 16 
23 23 19 23 7 16 1 17 4 14 
3 20 22 23 0 0 5 21 0 9 
4 24 2 15 18 3 24 5 3 8 
9 13 4 20 24 4 4 11 23 5 
0 1 19 12 10 21 17 11 12 0 
8 24 19 1 19 7 2 13 15 5 
19 21 21 14 22 5 14 18 19 1 
7 18 12 5 7 21 16 22 10 16 
12 8 5 11 3 18 17 11 2 19 
2 3 3 13 24 12 17 9 12 19 
5 6 24 15 4 5 14 21 18 3 
18 5 8 19 10 1 24 17 14 21 
1 23 13 14 15 22 18 7 9 10 
15 7 1 24 21 15 20 6 7 10 
20 13 11 24 9 9 9 24 21 6 
12 1 19 17 11 5 22 19 21 4 
6 11 6 12 22 22 14 10 2 8 
13 4 3 3 21 7 8 21 13 22 
19 19 8 20 22 0 10 12 2 6 
6 12 14 15 7 15 3 11 15 6 
23 4 4 19 20 6 8 13 10 22 
4 11 18 5 2 17 15 13 16 12 
11 15 0 2 12 6 10 24 22 18 
1 14 20 8 23 23 11 16 19 5 
13 0 4 24 12 24 13 18 10 14 
9 3 0 13 24 15 9 8 13 16 
5 4 22 19 13 24 6 12 3 4 
11 10 14 21 24 19 5 14 21 23 
6 8 19 5 24 24 1 2 13 3 
7 5 10 3 24 21 17 0 18 17 
6 2 15 4 4 10 10 8 19 17 
8 5 23 22 24 2 17 9 0 20 
18 19 4 15 13 4 4 24 20 17 
11 21 19 17 5 16 16 11 24 5 
14 23 19 24 17 21 16 11 17 17 
7 3 2 11 0 19 1 19 17 9 
3 11 8 23 22 20 17 5 18 20 
7 14 9 16 11 24 8 15 12 8 
16 1 23 19 5 16 20 4 23 17 
0 7 20 20 6 6 6 7 24 6 
19 21 9 8 10 8 23 8 23 12 
15 6 21 3 5 14 14 0 2 23 
13 18 23 3 24 8 7 19 15 14 
20 24 16 14 6 0 22 3 23 21 
20 10 23 16 20 6 13 10 0 7 
22 2 22 3 11 21 12 20 20 5 
23 0 22 6 4 2 18 4 1 2 
3 5 18 15 21 23 12 4 2 14 
11 12 21 2 7 9 7 17 24 7 
16 0 3 14 12 7 1 6 8 6 
20 0 9 9 9 21 14 18 8 21 
5 0 13 1 17 5 18 5 11 20 
1 14 16 12 14 13 13 20 12 0 
9 1 19 7 19 17 14 1 14 15 
3 2 13 3 3 16 19 18 17 11 
13 10 14 8 5 1 21 12 2 3 
20 1 4 1 2 5 8 3 19 6 
20 16 1 18 10 10 13 24 4 15 
18 10 22 10 6 18 11 14 22 13 
3 2 3 14 10 2 10 5 7 22 
2 7 15 18 20 21 23 2 16 22 
22 22 7 10 7 24 4 22 20 11 
18 2 9 9 2 18 7 0 23 2 
5 22 4 0 19 5 10 2 21 11 
19 15 9 4 3 8 7 22 13 6 
21 20 9 0 9 1 16 13 23 15 
2 5 22 8 20 10 5 7 4 18 
11 19 4 22 16 10 13 14 1 17 
4 23 11 6 14 5 6 20 21 23 
9 4 12 23 13 9 23 7 16 1 
20 13 7 13 20 8 21 10 24 10 
2 7 22 7 21 6 9 17 5 15 
14 23 12 19 15 1 9 1 20 1 
9 7 8 15 13 16 19 11 23 16 
0 2 15 1 14 7 12 10 12 0 
3 17 6 12 11 11 13 18 17 16 
7 21 21 14 13 0 22 20 3 3 
8 11 5 16 10 23 2 17 19 3 
9 24 10 3 14 23 13 4 21 6 
21 1 24 17 16 14 2 5 18 16 
6 17 4 10 18 24 9 6 1 4 
16 24 11 24 8 18 3 22 18 22 
24 6 0 15 8 0 12 20 10 Time cost in seconds: 0.33948
